.Random.seed <-
c(403L, 10L, 1454186556L, -1387024110L, 1871517197L, -1092623033L, 
1334472494L, 1854169736L, 107004811L, 1231868777L, 1916931384L, 
800587750L, -1041320063L, 533368595L, 1293940930L, -460975244L, 
-401604745L, 1182197869L, -1903851772L, -793356758L, 450616213L, 
592846895L, 632887606L, -378373792L, 1608726435L, 398958785L, 
160592048L, -883146802L, -134180039L, 1846393675L, -799715078L, 
1435920892L, 2076723775L, 1172700949L, 67857452L, 469710082L, 
541105629L, 1228078295L, -1957271618L, 8966648L, 192587227L, 
-71431111L, 1171750280L, 608622902L, -293665935L, 1949049251L, 
1578679538L, 892272708L, -373574905L, 1035985629L, -1384551468L, 
-1934546182L, 1080454725L, 1905399455L, -1988965338L, 402630832L, 
-924192429L, -1502376847L, 2019709344L, 1444769086L, 1327541321L, 
1357228283L, 419872970L, 850671148L, -391124433L, 1458070245L, 
-867297380L, -958955022L, -225727379L, -505365081L, 1836476366L, 
-970414808L, -425126101L, -7430839L, 1464009304L, 1752374022L, 
590558945L, -6348173L, 811502306L, -1097468332L, 354533207L, 
-963284147L, -1457850652L, -835864886L, 1304999733L, -434193009L, 
-684213610L, 1065439808L, 1453150979L, 995377953L, -2082855920L, 
-188169234L, 531919769L, -165065685L, 1074657562L, -854557732L, 
1231928799L, 73394613L, -245258420L, -654697054L, -2147349251L, 
-1431268873L, 1577672478L, -1317649960L, 535739195L, -1664021287L, 
427540584L, 703702422L, 704830737L, 750284483L, 535293650L, -1510443164L, 
1877961383L, 88093693L, -1725970956L, 136200922L, -1050921947L, 
1285191999L, 536493766L, 181982032L, 1335438195L, 157597073L, 
543842240L, 71104926L, -1498258583L, 1828337563L, 845946538L, 
379926732L, 1463585167L, -185860667L, -1427889796L, 1464693202L, 
1738689869L, 506802183L, -1411620882L, 510207688L, -2132387381L, 
-2007315415L, -366781832L, -1588656218L, 1318195649L, 1488520787L, 
553454850L, -542901196L, -1959764553L, 1859662253L, 1732104900L, 
68126442L, -481859243L, 2143878895L, 793427190L, -369038304L, 
-1848037917L, -1810379135L, 776726768L, 70739854L, -1408935687L, 
1253999243L, -1571749190L, -1496027716L, 1461884671L, -135767467L, 
2036440428L, 1996854722L, -1294920163L, -1349677417L, -1104082946L, 
823989176L, -770371685L, 1230886393L, 1511904584L, -2076139402L, 
-915059279L, 1333326819L, 895135922L, 1359158532L, 835583559L, 
743967005L, 1765771156L, 1798556474L, -585918587L, -631880609L, 
-409956634L, -1031948944L, -760643949L, 1574078257L, -272499232L, 
-1121686914L, 258668809L, -1316512965L, 1897444106L, 1076042476L, 
80303983L, 1590761637L, -1485843876L, 1125065266L, 1655736621L, 
-909979673L, 1789228814L, -1396741912L, -1615447317L, -1095871607L, 
301412120L, 377115206L, 878826145L, 1948636467L, -855429982L, 
1948304276L, 1606834711L, 227384845L, -490554588L, -537254134L, 
-1576441227L, 534649295L, -737549610L, -1294842240L, -298006333L, 
1516283489L, -1436254512L, -897636306L, 294329817L, -521059861L, 
984433754L, 1584119324L, -1769140449L, -1386519691L, 1725385228L, 
-680703006L, 1607628989L, -1394128560L, -1776663764L, -1689811084L, 
-552664174L, -2141948320L, 882364300L, -1847151776L, 1630259170L, 
-624214104L, 1427446988L, 96800252L, 2029439922L, -1418237456L, 
-1490572860L, 1755980120L, 184706426L, 689639856L, -198316100L, 
-245018540L, 995771330L, -1168268256L, -1125008196L, -1215948208L, 
1428766690L, -2032667032L, -154789300L, 751927548L, 1772605426L, 
158874880L, 1914967924L, -1171996664L, 1162642874L, -1063060016L, 
1378280428L, -218030188L, 1878481874L, 781834080L, 114574668L, 
-233427680L, -998161534L, -257582360L, 141206764L, 1755933244L, 
1144982386L, -465114512L, 696891428L, 1368229688L, 756001946L, 
1797165776L, -804724548L, -1556326764L, 479995522L, 747732160L, 
1620324668L, 543379600L, -1219417566L, -2131851768L, 564265228L, 
-556649828L, 38948370L, -85406336L, 1833950740L, 1042060840L, 
2034951482L, 950699984L, -494497172L, 755672884L, -675822958L, 
-2134550176L, -923340468L, 957812704L, -1318273118L, -947038296L, 
2070637452L, -1024940356L, -442168462L, -184624912L, -937789372L, 
-988635816L, -1150495686L, 99705712L, -1690794948L, -62502124L, 
-194139710L, 2084774112L, 432215932L, -1975214384L, 846399138L, 
1118815272L, -1097479924L, -1773276228L, -139313870L, -967467072L, 
-913354188L, -501720120L, 1724957882L, 915853200L, -1339968020L, 
1588920404L, -954007918L, -1705919712L, -1812812340L, -698082336L, 
-1104510270L, -676308440L, 853745324L, -1347308868L, 1082479090L, 
-1902294736L, -1070576476L, -1631108424L, 1742515034L, 64671120L, 
2127016316L, 702090516L, 1692232002L, -339148032L, 19602364L, 
-1429832880L, 1621934370L, -638509752L, 1210316812L, 1992325212L, 
1360733394L, -438007808L, 1403878228L, -124722712L, -850356230L, 
1515509456L, 485025068L, -1349662476L, 834094994L, 1375059040L, 
2018868492L, 1395427040L, -452108958L, 1642119848L, -460826036L, 
-1982875780L, 705784626L, -230998416L, -1424016060L, 5340120L, 
1597837434L, -952211920L, 87788220L, 501999444L, 727636546L, 
-1232655456L, -1569929028L, 700490192L, -1010465438L, -93907992L, 
1837512652L, 1096775420L, 1034571762L, 1288248448L, -1602791180L, 
-1048284024L, -1935973062L, -1801960624L, 568282220L, 1747288212L, 
-1967253166L, 670252768L, 99463372L, 191789216L, 1285552514L, 
-433080088L, -1365051156L, 2116499516L, 1333739634L, -1316476816L, 
1926890020L, -1302871496L, 1766279706L, -1019203376L, 578598460L, 
2132626580L, -1724246910L, 808241088L, -1276449476L, 1985502864L, 
1136800802L, 692260872L, -660890484L, -413712356L, -1824193390L, 
-7443328L, 620291092L, -1294720216L, 1255388218L, 736111824L, 
698897516L, -457001292L, -193789934L, -1924513824L, -214783028L, 
2083298784L, -727118814L, -1349397208L, 1853225228L, -1226731972L, 
415417586L, 1455069424L, 497653572L, -1747349416L, 1444635194L, 
1160235248L, -442342724L, 49400340L, 2030800066L, 195450464L, 
-508353156L, 1815651536L, 925832226L, 1951328424L, -1836458612L, 
-178372164L, -595081166L, -1704946880L, 796204724L, 1272090952L, 
-118566214L, -1316348144L, -363192084L, -972769196L, -1024562827L, 
990342482L, -138920544L, 1176431753L, -39363397L, -228716788L, 
-518134118L, -1430717425L, -853952423L, -2139966226L, 939290492L, 
-443933715L, -1309727593L, 1801727840L, 2110801726L, -2103969781L, 
1606869133L, 1259477434L, -556591112L, -1676291167L, -1509495469L, 
79602804L, -2054924798L, -1171732329L, -2090108319L, 1492071078L, 
503749284L, -1941835947L, 1906340863L, -82472296L, -527272010L, 
-1087898557L, -236489339L, -809423326L, -382495472L, -520457031L, 
633887083L, -1655916452L, -1656261238L, 63394175L, -705458999L, 
-900566690L, 1224483340L, -602765859L, -383132441L, -1360369392L, 
1617713198L, -1118904613L, 445642685L, 1879150890L, -574728760L, 
-1372534031L, 191759459L, -1060478876L, 1441704850L, 2099937383L, 
-959569871L, -832196234L, -1180475756L, -1626532699L, -1587656273L, 
-833990040L, 1531824710L, -1073426445L, 1893306197L, 530559282L, 
1998099712L, 1911399913L, -1054093221L, 1674093228L, 464174266L, 
1329217135L, -1200559111L, -9227634L, -1902009508L, 755740621L, 
-1852215497L, 557354432L, -106417506L, 1851108203L, 520786669L, 
445794138L, -1846092776L, 1212516737L, 1330323251L, -933202604L, 
-201154718L, -2035493897L, 159456321L, 1249171654L, -736860668L, 
1790292405L, -993407329L, 136978168L, -148176170L, -786786461L, 
1275817765L, 2067719362L, 188723632L, 584534489L, -1379424437L, 
904605116L, -964133398L, 329517599L, -1880809303L, -439941058L, 
-1422841556L, -1476459651L, -145712697L, 391847088L, -403203378L, 
-515551237L, 1056135261L, -1954914422L, 1224150952L, -681417455L, 
-1383556093L, -1367222524L, -703587534L, -1017751161L, -1316864047L, 
-1901711018L, 1513877300L, -1417473467L, -231653745L, -1403865080L, 
-2145891290L, 810321107L, 1317373493L, -1736557166L, -2079997600L, 
-1497376567L, 971111419L, -970523700L, 111539802L, 377969487L, 
84513305L, 1159688238L, -2069381572L, -1122077779L, -170476457L, 
1491319200L, 2171646L, -510529077L, -1357367347L, -1226458374L, 
1863164216L, -936146207L, -420430445L, 603104692L, 1579923138L, 
